0.2711998059295895
0.18732338450449415
-3.042298912407494
1.1230523983843683
-0.7077758345121343
-1.6867121673828
-3.29992669175674
-0.43470659247604404
-0.7212959118627049
-1.406087663474327
0.6813745091199799
1.0158194594552852
0.7739547876807034
-0.5993981237118304
1.0069322101829534
-1.0638570564229695
1.7697179407253822
0.11356698745331384
-0.24248319466396673
-0.14908602364580403
-3.0189489582626567
0.34211567718887315
-0.8196515933835662
0.2170987065225407
-2.0639338601343837
-3.138725289506473
-0.6176770040826618
-0.6766003007736119
-0.23404368878905535
-0.6264968547601657
-1.9805956709135044
0.37274481903170265
0.7680368788322722
-1.9270763376761906
-0.949662088940828
-0.5416506774416803
-1.7128574479575414
-0.37672635171629043
-0.897534212262844
-1.4131218922691562
-0.5584895194750175
0.07064731750764541
0.43271870388319233
-0.12897862471214516
-0.1396678380834886
-2.9605938250715207
0.9673792645181654
-0.6282666765667391
1.386076442767782
0.3509237493998367
0.5673448946618209
-1.8504949395337067
1.651897848990326
-3.684722118650833
-2.6180265289239575
0.5885079040462609
-1.1718587561209555
-3.284589122967681
0.6482030696639522
-0.4243287292462865
1.7864810979892636
1.7397697411826907
1.4982877569821844
0.23567994632623646
-2.0191152972389377
-1.7601194128469984
-1.5979808004879907
-3.763153475426024
-0.7864623930306323
-1.128664725022046
-2.299306147279795
-2.2585730980768837
-0.5805650105265863
-3.637076704070804
0.3833326114084328
-2.353536791498171
-1.5208549367746609
-1.8378033869626353
-1.522267349465023
1.4507394454500844
-1.6657614657439543
1.6662683059532464
-1.6853842652854087
1.1835643875259367
-1.8749370423817497
1.165021282042997
0.2779656737201026
-2.6318604754370547
0.34838257258819993
1.5755566566787857
-4.6611064150408374
-2.2231878704955435
0.9718479496471595
1.7568597009346199
0.46139558883006027
-0.1431444445616803
-4.040778513401231
1.553972100920737
-1.2901318795823729
-1.1365336525684375
0.142977187364425
-2.58441697030921
-2.100719546712323
-2.713135814910957
0.8477805536621736
-3.5738213971342363
-0.6018604693438285
-2.55387736091729
-0.917220013812984
0.41204293444680795
-2.000246224287232
-2.6213129281926815
-1.946103776281224
-2.2780596885855564
-1.893995998641108
-0.9190749487099845
0.0876718966578025
-2.087474038622175
-2.3315345352724046
-0.42014697151067626
-4.106835143623083
0.4964749979958325
1.2227868221485836
1.7583232846427395
-1.164379278393663
-2.538095748103908
-2.236930544090014
-0.27447149759008127
0.9416046997432723
1.2864718939564959
-1.8259853383266993
-3.953360508826661
-0.5217226325915765
-1.7463389900868322
-0.7393972745580868
-1.4034008838218095
-0.9868228048558976
-2.624763849397339
-2.3679260905482895
-1.0580289630114823
-1.416107133192059
1.8887920085179395
0.8059210546993121
0.8318822783978275
-1.9590072271319166
1.2705714630215201
1.0203775203269523
-0.12891917842466105
0.6621173007492089
0.8751677670079052
0.16055873105856988
-0.8635836676527786
-2.881988518107452
-0.27525144668994894
-3.3343195591981
-4.562119081566754
0.8669376939538074
1.925298490427417
-2.498497450444625
-4.249491929761676
1.4996830150804423
1.3629521573723227
-0.2949086086953896
-1.7083015089092468
-0.5140584804382136
1.643029267558183
1.1572544390148174
-0.20392477375735796
1.4787594987847505
-1.4123479208964276
-0.9675462407466044
1.9993840678793173
0.0934759202630151
0.7147417857354248
1.8491647592175733
-3.7263551732660662
-3.39854754149911
-3.801093031474567
1.8891010463083895
1.4397604760581566
-1.0996865333032906
0.27252673369292646
-0.9518261799973606
-1.2644033358336237
-1.3917254496620668
-1.9462480599474645
-1.029309349044781
-1.3643024147326077
-0.9785018026187506
-0.0017483732884309156
-3.9490125870681423
-1.9833763358370415
-2.853399223079154
0.10407628863173746
-2.368969456755484
1.0415424521228172
1.404932239773656
1.6311790428877786
0.9710332202927079
-1.576242582904627
-2.0247444663824172
-1.9029427397462624
-1.434464479278735
-0.02825846246444197
1.8027035075437923
0.3257608291081766
-0.4727196030136107
-1.7072704872041937
-1.5979806101818967
1.2034051670081896
0.5345207389619575
-2.3518972219423855
-4.512009533125471
0.24705416228103427
-1.176333275319338
0.9499891308486481
0.6760145032299394
-0.21928432121047425
0.5607232928561847
-1.3362330480764468
0.050902473556509564
-1.6457001490838916
0.05942824909732414
1.3742564776025339
-0.4034547006321354
0.7827589733549325
-2.8049222470188715
0.8487823458003927
0.2112588267612936
-1.5486430591714742
-0.7456518320901315
-1.0090028836461227
-2.252506152024253
-0.6989836806849801
1.2864434048619906
0.7743147561891239
1.9104408638846677
-0.9693530350372144
1.6518289498470011
-1.8498794945140937
-0.6219839521725943
-1.067289987856685
-1.0920924389222089
1.3512824475732137
-1.3271964404359027
0.4728309032326974
-1.7011771483852427
0.5236147361252681
-2.9000627401813883
-1.8679227998823293
1.685495429128903
-0.1751325261459593
-1.5809812417486064
-2.573789347535336
-2.3529698772934475
-1.1199741644724908
-1.5529789029348908
1.731344381805475
-0.9247992109661496
-3.850336498283534
0.9293268175314009
0.9125044004013658
1.0937229358906513
-1.583342264377567
-1.6904581182484568
1.0626094105571116
-0.3436363339140476
-3.823990337969569
-0.3359359390650276
-0.11177633489226624
-3.325943567327715
1.6344501821255593
-2.043031009386434
-2.819055283960078
-1.136953115457044
1.8121285515585952
1.3797982861068192
0.34726487580709886
-2.6937322984623933
-4.355094604807384
-0.35661060594606386
0.42694782751633475
0.7264818360463385
-1.8386291362378944
-1.0228440413481192
-1.7513764541071337
1.8664670216612014
-0.8131555516481956
-1.064717315808541
0.4626566432974788
-1.502000087287323
-0.48187149129019113
-2.863493054264982
-2.094593880648689
-1.6757666307624848
-0.3795181557651177
-1.3669105388579306
-2.042714257345157
1.5888815255832616
0.41574049452409456
1.6458914853220952
-0.1221509702244532
1.3599992680866881
-1.7529439139037488
-0.008106030201108894
1.9689072536329904
-2.2676779596710155
-0.13819812617497007
-0.35055660419641965
1.4597145729061396
-3.312794478043208
0.7524852105504003
-0.8692119593089993
-2.5016455499624044
-1.2379808291801435
1.1346030588156415
1.7020644597301007
-1.075431050925841
-5.103863487946823
-1.2682214548947055
-1.7455003960624023
-0.7773022304690893
1.991173688156536
1.4821806498302788
0.12353103599818538
-2.7037055851816962
-3.1678928265525093
1.0456493113506906
-0.30050079161379006
1.1086699603343897
-3.429968755098523
-1.639494698779023
-0.5462179672465624
1.609129832789827
-1.5206863582101917
-0.8542640691434586
0.8263660778297484
1.6397546577178952
1.508204001318055
-1.0331228950403828
-0.6258390120184378
-3.2136041705688907
-3.276832482914033
-1.936579846824507
0.691819914336198
0.7968397321087584
-0.9568951626001527
-0.8075355557697503
-0.6728326701413629
-4.811190625934594
0.11698028891845391
0.670292355654218
1.772738185609055
0.6471702950663243
0.9729060526855078
-1.825211250842358
-2.806602308751173
0.4000867074837142
1.6835246064242224
1.919450390783507
-0.4074433899980887
-1.699316113502447
-2.8470333327624466
0.22125972289111906
1.7439799813831427
-2.073449737049569
-2.043512808454797
-0.06344839511819833
1.7482265408935107
-3.217125041370659
0.22876408300680984
-0.8213801201244069
-2.800623173865273
-1.8161611867827765
0.12306649595600638
-0.14317498251287786
-0.3502786097908439
-0.3312581567375479
-2.401139455183456
-0.9298173049076626
-1.4268921675123316
-1.748359792952106
-0.9978609244877688
0.7243119538926273
1.6821085035284877
-1.4527864974932427
-5.305219807927605
-1.026342223067906
1.6572292303953642
0.9776583492201927
-1.7660457622831847
0.4976663724921364
-0.82158190909343
1.3760029292893798
1.5154876817156888
0.21519970090911
-0.7454626814929259
-1.2699993682285582
1.4674309590965777
-0.4789180679597438
-0.35561783538748193
-0.5167681000603195
1.553286102151852
-1.9349530880943067
1.815485782444362
-4.973710689622267
-4.817541991096661
-2.706846515639131
-2.6855869016807414
-2.0451912302330744
-5.43660774388597
0.8485690962573125
-2.7365074489971963
-0.9997291385352458
1.4694175286615898
-2.1097062092366548
-0.17303862377971413
0.07900084703638921
-0.6132315909272417
-0.9036292037361084
-1.765277207612022
-2.7143682904565
1.1865624106168051
-2.37239162363198
-1.9994445322935332
1.71214466770319
1.8357316382380575
1.1228707649854377
-1.852808556509284
-1.4490716415297307
-1.4095522709872097
0.40998043645834037
-3.879199312225066
0.39594774145342493
-1.9363576059616845
-1.7049955882882726
0.11329653081468072
-3.2352471112744983
0.29209243553822795
-0.34006287064493534
-1.018863952566579
-1.2574008678263513
-0.19394390134223194
-0.38064959685483224
-2.318560025277348
0.7434903744094512
1.729512354432758
-2.282309572604566
-1.0544511802337366
-1.2939179507213145
-2.0440315656070958
-1.1625752586207065
0.9897927682547991
-1.8631011717677661
-0.7125678307501282
-2.995498882479162
-1.7029916005083243
-2.8077549983749623
1.7675220417441575
-1.4141270360640856
1.6284740929474228
-0.2515831076471935
1.0056586541442893
-0.6580133192802697
-3.3888166290916057
0.0799565950320742
0.4730278459119337
1.5741961979710926
0.4882959560048348
-1.690528917003678
-3.1269948970858614
0.8420389163819446
-5.221140971570522
-0.5352021278415977
0.3996894182419406
1.8742266349332721
-1.2019265928074927
1.2257344184634353
-1.0275302130591228
-2.4642735562504052
0.12333472346624785
-1.9764087401212072
1.3741428586214792
0.08583585422321649
-1.083217549572514
1.5296599315888264
0.8705848952050452
-0.56870545758074
-3.6342670222854636
1.8910265436745672
-0.3121814794048805
0.2509786620675254
0.2975218569554212
-0.5104067168202495
-1.2832813811785764
-2.2452815506268937
-2.5771412055782434
1.9164939517043256
-0.2762827931261955
1.8225333071674479
