-0.24464456537366663
1.3004572369043754
0.6636557034671198
0.9677533966847336
0.4023053602028246
1.6640870261124916
0.21495545242955494
-2.4728530282099417
1.7270017621336264
-1.7495614512588489
-0.7165592377617029
0.2945000484298479
-0.14900361557168784
-1.3009176810398704
0.06691689498276743
-2.8174834740814543
-0.10885040444995431
-1.8954338688727996
-4.604884745392986
-1.1383476823416387
-0.41053084435138887
-2.3457816930804274
-1.5967297527707762
-2.6246303592323743
1.9719578140946448
-0.041353326419659275
-2.13649411890416
-1.4069588580841286
-1.3215656087147778
1.4304746202466314
-0.12310968781975218
-1.7465100676159375
0.7454034544835826
0.7414833075221992
1.708318703250608
-3.352186246950583
0.4658725620297164
0.5176137707155442
1.1535099576753958
0.1230801035241833
-0.71949954218994
-0.232525718531726
0.47688178480616505
-2.411145010257467
1.380066762911064
-2.511096761576624
-1.6664525668733772
-1.3763264902848888
-0.026485561789458156
-2.5404067914726065
0.08289929260027917
-2.845265928484432
-0.6746681843814764
-1.512955123951584
-0.05034544474452707
-5.455440378295851
0.2350109514817289
-1.875023869721538
0.253508925658253
1.6779625765531634
-0.8472197883319827
1.6187930030268776
-0.6783274178858285
-1.2720146994833068
-0.01715999542394364
1.3109518449799547
-2.1299486099471876
-2.3231393183742357
1.6495210029613163
0.6408376441991299
-2.0619704522541804
1.5020234553633711
1.095919577766685
-1.5963886243686138
-2.6712390519487688
-4.502761733862908
0.7710649484727599
-2.047795203184445
1.291667229391583
-1.064011334949026
1.5559360754835914
-1.6279414871000588
0.09588194265116345
-1.2885648716544411
0.28472774028732095
0.7014943368931601
1.3391486537579191
0.4965557555426283
1.4155893557165171
0.635156983858608
-0.3919851475878682
0.5185424723358858
-2.4634238998365667
-2.0158073282849074
-5.245237047538573
-0.15357648700209614
0.3992902792765116
-1.9455709585792156
-1.9342529801929684
0.587208063565688
-0.5334865399473121
-2.09861697662759
-4.154504323379575
-1.772558930496122
-1.482058282962706
-1.6109647162370573
-0.07815361214480898
1.1491683052141115
-1.1930918631341276
0.8418019458146009
-0.05733084351440709
-1.338554344331731
-1.7031674761630153
1.7517613050247893
0.1398188629941699
-2.565781226421894
1.4202582766038563
-1.266200828104746
-0.37182643860565356
1.2756877333773855
1.2510491404306627
1.4635652089233053
-0.6873253612269585
-0.2248556474451222
-1.8711669774986976
-1.3993043669985719
-0.28707936736745054
-0.44731053101652485
1.747342656605123
-0.4277041447651433
-0.8510138624887684
-1.5301635155659277
-1.5441175972230363
-1.9350383627747365
-0.5141989928713806
-1.9684415417564547
-1.3644952524945237
-0.33786784981309737
0.0644741276319607
-2.1328334989891555
-0.2936492743917998
0.0429276672225094
-1.1478787380742332
-1.0427484108073353
1.9135817916591236
1.4236865893391242
0.3995359345298175
0.7210881685842438
1.1144678043468255
0.6319920380550819
-1.828720284027999
-4.13264578489533
-1.4712755952023162
-2.406389793579166
-0.6323619044280671
-1.4033765602637507
-1.8134498338741132
-0.6108922182918675
0.8045926405599448
-1.4680478930773582
-0.10281907358683151
-0.5762321930999743
-1.797355731637503
-0.4915385260333456
-2.6643284414920334
-1.1686830515072226
-0.1707798155716822
0.3584155529491535
-1.4476541557323608
-1.6227286160025325
-0.31847482783312797
-0.45956104423853805
1.6216724556392055
-1.3116959518815698
0.2435676039871053
0.7285032907668416
-0.8759573715094504
0.47835082086849456
1.664788572936263
0.8464062685873646
-1.643415679752116
1.535612051536012
-2.211507544072279
-1.276150248987903
-2.666226055665973
0.27920001132010297
-1.6142882351772134
-1.0167615213152397
-0.46165448486894833
1.0677388505941319
0.6355986777757743
-2.0699020338773506
1.6440699952197808
1.4736786193077869
-4.226234991652519
-0.2770967752868905
1.6999168555896018
-1.9540370774710163
0.5264485554565688
-4.0006675299006895
-0.009612222049455887
-0.32553844433070456
-4.146064398381506
0.7976288593515828
-2.337533782049441
-0.4817822495828876
-0.9946767361865421
1.4837931531146533
-0.05197059276700644
1.208568984402091
1.776432067045193
-0.6303528134849512
1.9434527905980876
-2.321763031190443
0.6932889097673927
-1.746117796702566
-3.7993526305251493
1.1212055265066385
-1.8830705932416931
-0.5405928856388198
0.7769042085030999
-0.47235456665362374
-1.7392848263985683
-3.33314463708936
-1.3794331962100213
0.9475612755416711
0.6918441690009722
0.8824001559418289
-1.1705599803960385
0.6629785929136833
-2.7954672539640226
-0.8524383506320867
-1.2833149153631007
0.7227597983043756
-3.216273924122282
-1.0994515553512927
-0.5996398615437966
-0.8767899813674247
-2.432823045822997
0.03674987680465924
0.4407891847326628
-1.413465741601431
1.2938111927409768
-0.6724395061972142
1.567705991982158
0.09122377775424595
0.08669965883294739
-3.0005150863305436
-1.640030330726348
1.775221290857579
-3.2504660325343444
-0.9178380084724713
-0.7777360164645413
-2.5989976260550023
-1.8359306311596804
1.4777777336277225
-0.3397872268431188
1.34939749187541
-1.544006981777768
0.41980263330177214
1.8659171208745173
-3.2773279674884286
0.006831688360643184
-3.3394298439646644
1.2487033050268042
-0.27129424630694565
0.021321614159796498
1.8486508024979622
0.5844342303388581
1.1525233553965357
-4.651367903728694
1.2019208798724406
1.9842399733921474
-1.4753242707835983
-1.5861578437874204
-2.2983273907016963
1.3382231112393232
-3.4814409975218137
-2.9763816569523094
0.14643331081128075
-2.0783019334842034
-3.358023349444337
1.5225415631736534
0.08633773782485399
-0.3393177953653028
-2.20007068374575
0.9443761325182265
-1.9732485860129008
-0.24026828781203058
0.657620719425984
0.5694598841145286
-0.15045749099821526
-1.0001847445321168
0.4529144771255258
-2.7146604804086625
-0.0576809997045209
1.0599089916515878
-2.6910367572831895
-4.847897551625804
-2.6227332825089524
1.9622662006795546
-1.6580751690477205
-4.84556888814468
-1.8952396607860864
0.05604446362718862
0.9114456792277401
0.9733453363053166
-1.1310024020284248
1.967716252856486
1.339803823866238
-0.9986813756987241
1.9629831173151324
-0.5434650306777726
-4.695795585064555
-3.5347858726466317
-0.461934126686371
-1.821692996102899
-0.2082024490352894
1.2299385404921754
-0.3550168527696429
0.5800903522580807
-1.2794337964788323
-3.46457239143475
-1.4354742498492254
1.4626746932869807
-1.5253800152439703
-0.5758971636416836
-1.8352299095235418
1.279365886107319
0.22074080336691204
-1.0197949125984929
-0.7596192828630204
-0.4009200658947849
0.13355398293173515
1.0021524110213187
-1.852311299374588
1.9313851116267917
-2.7601189392048076
-1.945639780480592
-1.0803521765306385
0.5868019780165739
-1.858789951569312
-0.6681926054800758
1.9594518650900676
0.6249065110248246
-1.5415076502933918
-1.9676791470609087
1.4057433692293033
-2.195280293067123
0.09731938215302405
-0.6569592991987561
-3.063643654650561
-0.2190574219226442
-3.2598263591902423
-3.9015731029822156
0.8985941078558719
0.3941680630122073
1.9575981657327433
-0.18131946519901243
-1.505114210391202
-0.40868812030047375
-0.00621765883612202
-0.698516795922647
-1.823019224558319
0.9691320232201439
1.767226920146403
0.8686734377879564
1.1964428326028782
-1.6924674016644943
1.3371893742914525
1.90002134422471
-1.8528294529996323
-0.8815652992509557
0.39975240660751665
0.9262804061211658
-3.7744939375736823
-1.423119782248396
1.8761614857495512
1.018971962381963
-0.28810751181873995
-1.5898467252702875
-3.24981609277871
1.6828684411295016
-0.2563825308778047
-1.5598275782370195
1.582885966072631
0.7471772495085744
-1.9604884635520996
-0.9612153104101595
1.7886928451238087
-1.2046497376884933
-1.0705304961218358
-0.9747125830410877
-1.9034681790048626
1.75509429226729
0.2546909144733265
-0.1364023870024278
-2.0253419967867172
0.6264544825587492
-4.323976452908928
-1.841347354199662
-1.6260780713813672
1.6120910324333222
-2.413197933650846
-2.6281083946344204
0.18741701857130044
-0.8627040981359348
-1.6623998627498895
-1.6497035902552923
1.9783317779974692
0.05441567092708244
0.439608390882011
1.9037859696102226
1.9747381565495126
-0.22496648961940924
-0.533627859492039
-4.001711922525109
-2.830159278905003
0.8234017364852435
-0.3649601521412973
-1.443223475581461
1.5542597119265449
-2.0083095159894597
-2.133022150707488
-1.7960023238301366
0.46580470636236826
-1.6038898351692472
1.6040459247697045
-1.905099993120575
-0.8828445739989621
-0.5661190049041203
-0.2036755450661465
-4.140144218945263
-1.7628818913530462
-1.5845163836313128
-1.7735384900869589
0.6541924983063316
0.43596806970289537
-1.106182477242112
0.5443159846658032
0.9060867394227441
-0.18358559359462046
-0.2642981515091076
1.8260814292482312
-2.7653386706675507
-4.25734081302231
0.12201595168412704
-1.033436277691775
-2.047139851454318
-4.285011828915394
-3.969604446457895
-0.38880331994151085
-4.002771399357732
1.4070140973962781
-1.4723152211883979
-3.354721331317493
1.8965049136421464
-1.1123138803242396
-4.164209405153901
-1.9785195439232615
-1.2457502660857527
0.005372542790309298
1.9927982283486267
1.9884296184428503
1.8046974657721502
-4.5591752990036785
-4.706306081198527
-1.8864700595226376
-2.9660505942829722
-2.1561025412508945
-0.24854420246804843
-1.6948928587947987
-0.5694224364552865
1.8367641638157608
-2.939309683261346
0.8694508074654814
-2.095993735656542
-0.810378138765246
-1.6517009787245058
1.5741708812123374
-2.3517175004349946
-0.843749844079662
0.5460354655479391
-0.06218386802682918
-2.0978978454011745
-1.5213418391814888
1.8306953514921087
-2.744653740868844
0.3637816500502433
1.0749637617941787
1.6142874609884283
0.036264163944673244
-0.5386035528349788
-1.5183317849403122
1.5924696651400945
-4.206519997517308
0.5873992908725574
1.8805431243783572
-1.059106924091255
-1.519524275020923
-0.556304942226828
-3.070022450605981
1.8341725700237126
-0.5252236759081219
-3.902864770998118
-0.13324034295257503
-1.0999194089311053
1.333167167157217
1.081293556848351
-0.6114302361287942
-0.724823233220024
-1.86647036698812
-1.3400205020822762
1.6965616609630128
-3.631838413912985
1.6173338299073294
-1.0621175404939622
-4.299786873323022
-2.3951906631213777
-1.5071037763478108
-2.4042513010674726
1.9359096586563231
-0.6208879009354211
-4.8334926196956385
0.880475929036872
0.25638500891042404
-0.6074103994132294
-1.3556941945801881
-1.5889126412243835
1.490136474705664
1.4357336596202461
1.9842764308106982
-2.3397989732755207
1.0349943160741515
-4.307472339930218
-1.450686532392805
-0.5867532497183441
-0.6724374573058478
0.9412592032900859
0.23937920152547032
0.05033394585341733
-0.4890027428837782
-1.2872240800180825
0.6675914542535681
-4.733083221717317
-2.7958955757443977
0.49396285379572635
-0.20411632750902076
0.40674330166638173
-1.5453473607112707
-3.2061058292449225
-0.5597900010349357
0.26847688891112265
-0.9343788002896072
0.4261430074265826
-3.282460284789039
-0.18052736401213876
-0.8743543502896469
-3.9980862399544392
-3.292202051662896
-2.7405091461124567
0.9455073768780053
-4.809111314162815
-4.372381136216082
-0.4061157504498416
0.32692028009383023
1.0963804603023943
-4.812315987485983
-0.35180780103517684
1.9936964710343712
1.9148633891423306
-2.599284603011739
-0.7696762595518538
0.995050893346062
-2.261565676128696
-0.02032798891668275
-0.9254797114977604
-0.9551845603719249
0.297188719031384
-4.529307147487744
-0.9028373481311318
1.4733693769623026
-2.213408435933216
-3.9385388880976135
-2.290202672282412
-3.8235447001263827
-0.9182295797980466
-0.9032412674138
-1.374166115188833
-1.0244707267002924
-0.416191552510377
-3.165890660671036
0.7645076125340211
0.13515907637624336
-0.1450335629867272
-2.278356862575113
1.9418092474983855
-2.198518870809451
1.294997136583854
-1.8114339486198454
-2.111819728458153
-2.5963990995741995
-1.8823907848645067
-1.62895042587833
0.22817669274029106
1.6897435440417952
-2.4819207047161864
1.0167576721418974
1.3797278486661404
1.8704126699303032
1.6071479420591521
-1.5656893925878785
1.3481163823386053
-0.15232404237011687
-2.055978686692515
-2.764860767664155
-0.5079661551885626
1.191431965837622
1.6727152868880513
0.9510921507103027
1.530638657503675
-0.3657578217442028
-1.154550522351069
-0.46892411548907775
1.9240314321195602
-1.2573108748271133
-0.889485379713967
-0.17791716454709094
1.7971369871971326
-2.041405572299589
-4.454450576049979
-1.6974607540937727
-5.122067870838691
0.9700255898016961
-2.8202630841472907
-4.015007417473216
-0.46831066757423434
1.5795202960934895
1.6160795300218564
-3.8116367012335983
-2.0155586670117414
-0.4347317079091044
-0.6384232604335196
1.4921650685100194
0.9683394473627842
-1.3780059757763077
1.6469336645923325
-0.03729731793205282
-0.017619935737061
0.6698993387560201
-0.8312128284526752
1.5715716252448726
-2.844114594591348
1.8872326156432446
1.21176769375115
1.120038435755044
-1.992584369715479
1.4257043437245334
-2.0030676806906715
-2.8605831479839114
-1.1997258085891138
-1.3636004528987522
-2.379369852024192
-1.821080882728551
-1.6030005412114967
1.8463952113988076
-2.279771872621228
-2.1246138937836934
-0.2641540861444782
-1.8276964016118988
1.7156540881288593
-2.345875386896078
-1.6529238784872584
-1.948315044796387
-2.7571277850415017
-0.18513171215353674
-1.3573190298793105
-0.22974609822424297
-0.1898409518424442
-3.979774303765616
1.7470502072067058
-2.0348914512746363
-1.3600063998702887
-2.4784068038807687
-0.7429010529764923
-0.9913777117639269
0.20723040936208115
-0.2771611903676767
-3.8669104859305055
-1.6952520681218006
-1.9312930354938431
-2.7065155532321814
-2.5766414344457242
-5.402179776561832
-1.0976727563288087
-0.25637523165465925
1.2600269443243244
-1.8123959132522272
-3.9501339231696324
-2.0244936907963655
-2.046850051984925
0.7019459527845662
-4.301473125251672
-0.9382508938863259
-1.0839488695559107
-0.05012310444550794
0.08904173597905718
1.723991784632675
-3.984930118050764
-0.24225727583582124
1.6702547664648295
-2.4396679980597993
-0.21896888230461053
1.0536989831870414
-3.0664144205313324
-1.4281382502725588
-0.12695167760372028
0.3301678531865897
0.5062969239971782
-0.15618744584991884
-0.6632173587476271
-4.359779231843881
-1.3774720734378367
-1.1157246035936468
0.649441361932285
-0.977832904440834
-5.157754864905629
-0.27034829711530506
0.6905872451733943
1.0699332080439445
1.9596807066872883
1.6778305217802967
0.9118715306034972
0.4579460302403233
-2.642115671914535
-1.2855173853369348
-2.5100360070026886
0.9365023136486537
-3.8284356534841635
-3.8899199598996077
1.255602911300486
0.48415685593540747
-1.5580189557728454
0.44622806137271764
-1.2036934832449195
-1.6071121292917532
-0.24056698971467538
-4.407157444167586
-1.5260916007050014
-3.1710556287704614
0.6153358796731196
-1.2758882701757162
-3.828689522837486
-0.051642574498623084
-1.0846928900044817
-0.5340674179571345
-1.8453412591039902
0.10811991367100693
-1.9855382675018154
-0.9883235755223958
-1.2743972849112035
0.8952400512669894
1.442846919823575
-1.0733744687665316
1.7393862346489537
-0.9506192533566926
0.03994596111030546
-0.4544578060837634
-2.96172339372297
0.8955516548064901
0.681949468102993
1.934058412548571
-0.7520990222240829
1.852050981737349
-1.6749036006882627
-0.5650672946906283
-3.352406737243035
-4.592071683966535
0.6026830447793479
-2.3734940132365754
-1.8799439421188282
-2.562706190205936
-1.5974817443506022
1.2695637440266727
-1.966925684830727
0.32966165522947555
-1.1688191456361858
0.5504556275725994
-0.4299502408065239
-3.3305334132874025
-0.034680221144715695
-1.3518131870353849
-4.504275831309942
1.2552212105224836
-0.4273901511709228
1.5300914401912271
-0.01553944363840598
-1.1948326106965994
1.790077245761069
-2.6167500466689155
-1.0991500317315825
-2.5515244745983283
-2.466353432158309
-1.819730365632311
1.521893703299131
0.7958973766517838
-1.6534194641130493
0.7087818984194927
-1.785940737359157
1.294455521974655
-2.0627034939354605
1.7212732648858116
-3.2904233334223623
-1.6788073008718096
0.3949092546315216
-1.2148877887000413
-2.336310639526003
0.5120786946964766
1.9526530292471531
-4.154823435144618
-1.6756201117986196
1.7391814580518912
-2.8748828253112695
-1.1026280900817
-0.4514248549507496
1.0253052040130348
-3.951215540947862
-0.773289880340903
-1.8648781679011468
-1.3559720089757867
-1.1020826592773356
-1.0498056750666156
1.2510765958707193
0.8012055352638221
0.571566758322835
1.7775825900118902
-0.35120177206729464
0.6273670697324065
-4.503513745150577
1.4051774433460924
-0.7683545632416213
-1.7890791724523494
-3.0381152192933545
-2.29264850375025
1.2076271671566077
1.9080051082206997
-1.8352576117776387
-0.39104429500566296
0.5374494540709915
-0.7105848974380571
-0.7601734574323329
-1.1328196700767896
-0.050852289532675066
-1.3747777779360915
-1.1441457798250867
-0.8126367937909302
-3.023246351734512
-1.6534287937748582
-1.694550901881147
-1.729874114918367
-0.2286101179137674
1.0403205328690428
-4.097312157848115
-2.801704599291515
-3.4557190105078774
1.7597066770081036
-1.2146823261712547
-4.313034700537269
0.6651902565067114
-3.789917118640063
-0.48523550057722087
-1.1875170889834554
-2.3836689443513954
-1.7083092634977923
-1.1354453013365902
-1.3610945463328887
1.8267439063549078
-1.016931946511907
1.6834188913796422
-2.04620605362582
-1.4761107010403687
-2.2974832256359328
1.378733731845415
0.22973903885485591
0.7814330051712988
-1.5178814973734993
-4.103454480191759
-2.0300471786448036
1.9602471763766152
1.8634946518839894
1.7499689688805584
-5.127117191689365
0.5825835852492154
0.40241952626728716
-3.7619622622358113
-0.09174761996969671
-1.22694043042929
0.018575592364896254
-0.4545441477514447
-1.1514261724401829
1.442051234062378
-0.053721019230327904
-2.1128384513720704
-0.9845986753912945
-0.47671835281933284
-2.113394947124158
-2.5692160122840004
0.5954883803427169
-3.5878069602104627
-1.4098124060755453
-4.290168367923297
-2.2125390260792885
-2.030047397431412
-1.9347847833709766
1.0256550984878476
1.4358481519879647
-3.2879849536836296
-0.3849158730342235
1.7569634099272005
1.975938459765381
-1.5826098521693628
0.1315599871878823
-2.112028535451018
0.6142116257809349
-4.216195719359273
0.507745649233976
1.2434120287895185
-1.3538538377488245
-1.7231106451857148
-4.6017059358357635
-5.271839306782743
-1.3092921508680542
1.9436287338532416
-0.6199659644021751
0.2220568850932627
0.9355956291260721
-1.2642334263882624
-2.557274478028466
1.257833943078397
0.481203173508826
-0.2638216471880561
-2.5759117648761674
-4.5248253542156665
1.189228870371577
-0.7568507114880116
1.9922145940857248
-2.1182507777394957
0.373640594161353
0.2665491859936018
1.8978123599401233
1.5976079782190395
-0.9300577243406272
0.9459133952038412
-1.5726878167774156
-1.3030197502090295
0.8194553972891179
0.8760920864717938
-0.018351303445979017
-0.5039671282438709
-0.6138843586950102
-1.2958000321560341
-2.033027085920521
1.3670950379791154
-2.162837870857052
-0.10464624978186254
-1.8729626790800422
-0.7889692727050397
1.8610027740140507
-1.3341672452102662
-2.808889229405061
0.5415545767659828
1.2180262506315493
0.4012142612594096
-2.2843325675008552
-0.5282093223052038
-0.926300349611719
-4.6415343312325295
-1.0830867693367763
0.98276231730993
1.5140400741086741
1.9950519367119415
1.3370174175064062
1.0990421035170745
-1.7585564700569232
1.564060471400309
-2.780330351940732
0.7814750351915296
-3.5691828703385013
-0.8625817810896406
-0.213122747948014
-0.7428370722513571
-5.235679896611867
-0.1615149226712762
-4.00145351788
0.3855628595872218
1.3907465246761856
0.16994737585666675
-2.8504881580650565
-0.2094211043123413
-3.47232424902801
